18171
18169
18167
18165
18163
18161
18159
18157
18155
18153
18151
18149
18147
18145
18143
18141
18139
18137
18135
18133
18131
18129
18127
18121
18119
18117
18115
18113
18111
18109
18107
18105
18103
18099
18097
18095
18093
18091
18089
18087
18085
18083
18081
18079
18077
18075
18073
18071
18069
18067
18065
18063
18061
18059
18057
18055
18053
18051
18049
18047
18045
18043
18041
18039
18037
18035
18033
18031
18029
18027
18023
18021
18019
18017
18015
18011
18009
18007
18005
18003
18001
17203
17201
17199
17197
17195
17193
17191
17189
17187
17185
17183
17179
17177
17175
17173
17171
17169
17167
17163
17161
17159
17157
17155
17153
17151
17149
17147
17145
17143
17141
17139
17137
17135
17133
17131
17129
17127
17125
17123
17121
17119
17117
17115
17113
17111
17109
17107
17105
17103
17101
17099
17097
17095
17091
17089
17087
17085
17083
17081
17079
17075
17073
17071
17069
17067
17063
17061
17059
17057
17055
17053
17051
17049
17045
17041
17039
17037
17035
17033
17029
17027
17025
17023
17021
17019
17017
17015
17013
17011
17009
17007
17005
17001
13299
13295
13279
13277
13275
13273
13271
13269
13267
13253
13229
13225
13221
13205
13197
13193
13175
13165
13163
13161
13147
13131
13129
13109
13099
13091
13087
13071
13069
13055
13033
13027
13023
13019
13001
10005
10003
10001
05147
05145
05123
05121
05117
05111
05107
05105
05095
05093
05085
05079
05077
05075
05069
05067
05063
05055
05043
05041
05037
05035
05031
05021
05017
05007
05003
05001
01125
01121
01119
01109
01105
01103
01099
01089
01085
01083
01079
01077
01071
01069
01065
01061
01057
01055
01053
01049
01047
01043
01039
01033
01021
01019
01009
01005
01003
